-1.022575615151000505e+01
-1.010111496614150184e+01
-9.240625603382296660e+00
-8.804353799369271982e+00
-1.063838205117737168e+01
-9.929562920501096457e+00
-8.825766685310195925e+00
-9.540416710629386898e+00
-7.493207551894070839e+00
-7.222251599488086704e+00
-6.891459973720001742e+00
-6.923686002407035467e+00
-7.799391320108719938e+00
-7.993448054772787081e+00
-7.948965463380934793e+00
-6.086581748139680670e+00
-6.183108494795159338e+00
-6.491381925355290683e+00
-5.420582920786102932e+00
-8.265811048533070249e+00
-5.772183417387416249e+00
-5.923916796247212346e+00
-5.976959497213576888e+00
-5.258992173814497129e+00
-5.604841722093702572e+00
-5.498723583071216225e+00
-4.899879043693582403e+00
-5.184683252923467656e+00
-5.670828617861185528e+00
-5.350746814231412074e+00
-4.287717766339253167e+00
-3.010435757294976700e+00
-4.518016483274326589e+00
-2.412345926846730659e+00
-2.577373020167840867e+00
-1.850320549710704698e+00
-6.015189866779344641e-01
-3.282097961782745266e+00
-1.261332101209583056e+00
-2.742322452612966366e+00
-2.099434050169050270e+00
-1.698271218418321293e+00
-2.674951158414921704e+00
-1.253358606507488426e+00
-1.024925219365477869e-01
-3.412351506455718608e-01
-1.017409893812986965e+00
1.605663855690744768e+00
-1.754487470672068783e+00
6.535436870750831462e-01
7.402153903872332741e-02
2.881198865465921521e-01
9.566816533359465691e-01
5.267524306872758411e-01
2.241334744537249346e+00
1.741959860665010851e+00
5.102811351623263159e-01
3.104291813168067016e+00
7.854481278886662476e-01
1.722412967417751295e+00
3.142325889306206932e+00
1.840565013106896242e+00
4.346783374967175817e+00
3.910115015534890492e+00
3.247797985015527189e+00
3.643778338761201496e+00
2.432848763966488637e+00
3.930242768394888841e+00
5.101928038265040044e+00
6.312214007946522543e+00
4.405666573981107170e+00
4.165498722834733769e+00
5.813051823528233797e+00
3.052628696263294028e+00
4.854714941938034656e+00
6.832763013928401463e+00
5.610392722914284924e+00
4.143302603040412535e+00
6.406599851027504400e+00
6.259316352716767895e+00
4.517253531570217362e+00
7.106046786944854254e+00
6.667990240024048276e+00
6.724690815391194398e+00
8.508944545512484581e+00
8.677912404292209558e+00
6.810785538362761571e+00
8.635378729791090890e+00
9.993123286826344653e+00
8.928372467323562489e+00
7.169235167021854593e+00
7.115219730688726152e+00
8.656798117602892972e+00
8.574856060864270546e+00
8.977503170426539114e+00
9.864623531964058500e+00
9.076837335293060249e+00
8.636991393064427314e+00
1.028384322354098757e+01
1.261713770839168092e+01
