-1.042473492983548411e+01
-1.130348264154822857e+01
-9.286010547187782294e+00
-9.453855378279641286e+00
-1.089090624400774665e+01
-1.056971829784523820e+01
-9.069537004005750802e+00
-9.232327965848377005e+00
-8.726711819297177541e+00
-8.453224453362510715e+00
-8.399671376142769930e+00
-7.702826589396030599e+00
-8.452347097521592190e+00
-7.390227544872162824e+00
-5.860872355130267941e+00
-7.779056771911452728e+00
-8.209314000720999260e+00
-5.998206523372101806e+00
-7.226902795001217683e+00
-6.353556717147800015e+00
-7.711443520813740626e+00
-4.897466112449598619e+00
-4.792940581665057209e+00
-4.837080663828755789e+00
-7.107188179058208988e+00
-5.483372313257398822e+00
-4.419638270517939560e+00
-6.131484867212875223e+00
-3.686346651246382500e+00
-5.373169078630949613e+00
-2.826446231668265696e+00
-2.742941512818777294e+00
-3.484278456719074768e+00
-3.560791163361294309e+00
-2.897363404628643835e+00
-1.792701396384963175e+00
-7.606407761997169281e-01
-1.401529470396467136e+00
-1.653531634130745775e+00
-2.121022963666487904e+00
-2.193076824236363631e+00
-1.383359198570721427e+00
-3.410434883134718653e-01
-2.116604838068678163e+00
-2.116769254575826320e+00
7.233262427612463519e-01
5.322736820694025095e-01
5.408159122579836442e-01
-8.831386120488207148e-01
-8.514366438235404511e-01
-3.215114342409625681e-01
7.837998641767773833e-01
-2.580028130272551401e-01
3.905620879284040781e-01
7.018635018625460908e-01
1.255381067598317690e+00
-1.480833431519186227e-01
2.790663483918830678e+00
1.513233089774582263e+00
1.039481505058084787e+00
1.712550398869758794e-01
3.229752883141034037e+00
2.977186032765264390e+00
3.067242102543658255e+00
1.875414694477255395e-01
3.489012053015855930e+00
2.941818008844727217e+00
4.505315924164041697e+00
4.141609086632453085e+00
2.951801651879373711e+00
4.961432448389341943e+00
5.587634920959137830e+00
5.194500506645329807e+00
5.027709401166930547e+00
6.263943382506793611e+00
6.111406065562500878e+00
3.673548254973695304e+00
3.650500709668958343e+00
6.117234359197104787e+00
4.715608051188225680e+00
6.322429149343427923e+00
6.841735990439320680e+00
5.893166076336260772e+00
3.779816275453159680e+00
5.859109031015706570e+00
6.858160844011882418e+00
8.097365641678475612e+00
7.361066716455619385e+00
8.690157209045516140e+00
8.720969824022770212e+00
7.868014180982475736e+00
8.782876886920469417e+00
8.890434912985455185e+00
9.284178146615710503e+00
1.018956985332337872e+01
7.487335818487784067e+00
9.576410300465118652e+00
8.419750040028883831e+00
9.500981559362280393e+00
1.012839240722192535e+01
