1.019158913682090656e+03
9.587518455499764514e+02
8.993100419241694681e+02
8.447592154432114739e+02
7.917556411604585946e+02
7.417524963711979353e+02
6.934404234337620210e+02
6.464253451940262494e+02
6.014761602790512143e+02
5.615946314178231660e+02
5.206152927765870118e+02
4.809049020816203779e+02
4.463719431860251348e+02
4.108314063837341337e+02
3.780394785673135516e+02
3.462567770708087096e+02
3.173188201783397631e+02
2.904042011746621483e+02
2.648011883183405644e+02
2.404648621529005652e+02
2.158354814517439593e+02
1.963984999251068757e+02
1.779357840791547574e+02
1.590358045593352188e+02
1.413934589260490782e+02
1.246547133829989349e+02
1.104797398856830455e+02
9.927735919058252989e+01
8.599078977220879949e+01
7.386348223351950537e+01
6.251211299961137513e+01
5.462520202293271154e+01
4.530676155652771087e+01
3.875092030982630575e+01
3.050029423662258310e+01
2.534961462487370554e+01
2.004939022154332662e+01
1.530046621824576292e+01
1.348228206638425775e+01
7.539922951509727689e+00
6.118977299798673997e+00
4.248257009829967679e+00
2.250097482752895228e+00
5.452729977247730009e-01
9.198782565656515864e-01
-1.107768904499248253e+00
-8.929805260660450550e-02
-2.504260580470289099e+00
-1.507206094800285445e+00
-1.904572479027756726e+00
-4.118487508099497596e+00
-2.707615938187645455e+00
-3.466540560202929111e+00
-3.257160531347594645e+00
-2.733552676840244278e+00
-3.258192630482464658e+00
-3.137718864172999833e+00
-4.609268767255250587e+00
-6.545395583070660273e+00
-8.554076430504272466e+00
-9.548728968239037940e+00
-1.457123037959095235e+01
-1.769797018223023244e+01
-1.851628924030961798e+01
-2.636380887901503556e+01
-3.190629403883991344e+01
-3.679137648689197704e+01
-4.438963906022693351e+01
-4.992997071905620743e+01
-5.955567795697087519e+01
-6.772590012128101478e+01
-7.800365137631388279e+01
-9.060179075032522178e+01
-1.020008792559995499e+02
-1.166126107941534684e+02
-1.295012357898361586e+02
-1.471771874079086047e+02
-1.634354099738822583e+02
-1.806435940956694424e+02
-2.038403288801843587e+02
-2.232511892521953882e+02
-2.480217106968333383e+02
-2.720565930396298313e+02
-2.983646864320720624e+02
-3.274699641407455033e+02
-3.568535550070367890e+02
-3.865245023227360548e+02
-4.186355338528451853e+02
-4.520061167330113108e+02
-4.888387655875602604e+02
-5.277157741250938443e+02
-5.696941369826568007e+02
-6.112883019593305107e+02
-6.576552027997629466e+02
-7.014164909598580380e+02
-7.510703974163517387e+02
-8.009686271782766198e+02
-8.555327145473680730e+02
-9.108259017598893479e+02
-9.667073542132096691e+02
