9.947764188051719714e+01
9.570952927900255247e+01
9.127371217136456494e+01
8.735428062124219650e+01
8.432704425062860309e+01
8.002475552948719439e+01
7.635791069768055195e+01
7.479873926678374119e+01
7.004504866595118528e+01
6.820217417109556379e+01
6.495467837718274495e+01
6.185922177808857469e+01
5.868324324484169807e+01
5.409937595712980141e+01
5.101886377565676156e+01
5.066439946647634684e+01
4.579388187401294630e+01
4.376890711369442499e+01
4.130131752375541510e+01
3.940096545167854458e+01
3.589487061572535964e+01
3.380838930124476605e+01
3.106714152959513342e+01
2.842779913100911315e+01
2.814220516656266469e+01
2.443163408839984285e+01
2.121488905181014673e+01
2.361138717652978158e+01
1.938105508923441178e+01
1.761069305978660893e+01
1.605931618916574521e+01
1.527567636499736281e+01
1.561174060621504545e+01
1.144210544673669361e+01
8.183537750576171277e+00
7.848659214138354656e+00
8.260989671294101555e+00
6.636423187462158424e+00
5.530850512801238850e+00
3.367112526212099333e+00
2.686798114222973322e+00
1.716192050283577242e+00
5.978452106573712843e-01
2.354607604990976988e+00
-7.241924823906319419e-01
5.678612896308783409e-01
-2.940887756761960681e+00
-1.831343774789717438e+00
-2.502711158809929781e+00
-3.224764038760997487e+00
-8.928405521562357006e-01
-2.051574794675509406e+00
-2.535922063629826084e+00
-1.749688230212453899e+00
-3.696858112276030894e+00
-5.021041811794042076e+00
-1.601953316133437388e+00
6.708524652765237573e-01
-1.112714271569671176e+00
-1.128869253085716062e+00
-7.931232327636361656e-01
-6.622948360984062255e-01
-6.243084293346141678e-01
2.104156348656845310e+00
1.643859734504617087e+00
2.055379940388935900e+00
4.486336651076777926e+00
3.985600744437577170e+00
4.589439611038601541e+00
6.357759137650005776e+00
9.832244866562177776e+00
1.042841391230825820e+01
1.239626236670508241e+01
1.277117301502457991e+01
1.498176815897381253e+01
1.646836291226857441e+01
1.894493099253406143e+01
1.874473763858467734e+01
2.086662993968965907e+01
2.431822424753136858e+01
2.383494009928865154e+01
2.755955330330179009e+01
3.065163866243703694e+01
3.001394310557354572e+01
3.296456246342057028e+01
3.513755649165576500e+01
3.671917370011582449e+01
4.242160790389566927e+01
4.375952307065343660e+01
4.664236132946899005e+01
4.830014342370647995e+01
5.070002996771486181e+01
5.582933394215410061e+01
5.723543260224271023e+01
5.994107756141045229e+01
6.135430852026744475e+01
6.707573767916665020e+01
7.038680066721364881e+01
7.324099758042815722e+01
7.453676431449554229e+01
