-9.077793193455640619e+00
-1.060556065019340544e+01
-9.294802270252205290e+00
-8.893832221878827937e+00
-1.002531753994355235e+01
-8.802860407332632420e+00
-8.115915412134446782e+00
-7.879138224208947605e+00
-1.014291271883744727e+01
-7.917783331353273724e+00
-8.296046768216529088e+00
-6.281292264073435661e+00
-8.562564229132696880e+00
-7.380528949310178000e+00
-7.451243449513365924e+00
-6.543540190911776300e+00
-7.644073342544277061e+00
-7.086116691950763880e+00
-7.312718035168074948e+00
-4.914644830216817084e+00
-5.855983202809293964e+00
-7.899510789159689850e+00
-6.533486774047581491e+00
-6.152088844324742567e+00
-4.231536092524599724e+00
-6.205755886304454627e+00
-2.032500279979367885e+00
-3.932908947889036000e+00
-4.244214481353092872e+00
-3.975967178817141789e+00
-2.811408338097566961e+00
-5.938326254691829398e+00
-2.460489334986735166e+00
-1.952084378490132721e+00
-4.194663947348427513e+00
-1.804560091246181219e+00
-1.937579818142579402e+00
-4.674947196712654574e+00
-7.443297998700577622e-01
-2.547545512465148487e+00
-2.326132253081654611e+00
-1.715020562483385191e+00
-1.271719863023687447e+00
-1.615379626049232797e+00
1.270324237054163419e-01
-8.749116966157023390e-01
-4.181684969383153150e-01
-9.200817687881955864e-01
-1.811115500657149546e+00
1.636617461814305008e+00
6.619556353438661445e-01
-1.982067449422618921e+00
-7.760403392143520040e-01
2.402488748839101795e+00
1.318041896096664223e+00
6.609857311490602294e-01
1.783303174406528857e+00
3.648955564164067855e+00
3.252813537379271036e-01
1.688986706057447718e+00
2.573389474666346821e+00
2.295434020120988627e+00
3.722316421546685739e+00
3.639993318490943874e+00
3.125585518923112538e+00
4.887621467186809454e+00
5.191999118911095223e+00
3.191227692872673494e+00
2.960367053457789055e+00
3.336064747758617610e+00
4.859587374742803334e+00
3.091253767562495813e+00
4.244403494411638000e+00
2.614429650648627756e+00
4.473080353009504684e+00
4.713556106904865040e+00
6.388340964556754820e+00
6.376528548744322400e+00
5.030942477545012004e+00
6.686479847658628906e+00
6.050595561155103219e+00
7.695900621446681633e+00
6.191461986914624127e+00
8.125681579263417831e+00
7.700024317543832986e+00
6.271405457651554549e+00
4.768300955781567652e+00
8.051188090698627065e+00
5.766415018942820048e+00
8.427285734641198900e+00
8.814268093114510094e+00
9.797393195776940900e+00
9.238386269263333617e+00
8.697915267256787430e+00
9.522434322665866091e+00
8.093274483666730745e+00
9.219841491829638969e+00
1.108966972688880759e+01
1.018294553458539298e+01
1.034612201334500092e+01
