9.458011423844865817e+00
1.079166162229645032e+01
8.014874277767574995e+00
1.060039438606657924e+01
1.056720898538821984e+01
1.044590166383022733e+01
1.027967050701144025e+01
8.241195453189725129e+00
9.039413515194455684e+00
9.018527102496989301e+00
8.851574527431116834e+00
9.009818441187904980e+00
7.640205253256791451e+00
7.319016059483489656e+00
7.431602167751006682e+00
7.510954228139544497e+00
8.340537227758980876e+00
7.287107445215752044e+00
7.930165217620731788e+00
7.094420135664423199e+00
7.819041632379785334e+00
5.952337144134613567e+00
6.849257900915976194e+00
6.433324210045528346e+00
5.383902315311919651e+00
6.391378615292852672e+00
4.834277265317898475e+00
6.116930871454330898e+00
5.387841269517897658e+00
4.709159618189024954e+00
4.937799481537502366e+00
5.596925234262525528e+00
6.693495544607893422e+00
3.728552777316144873e+00
5.424554996513768934e+00
5.500842075717446988e+00
3.116088490108672282e+00
3.783013437511369315e+00
3.156408965920493248e+00
3.222190356340901118e+00
1.878069832515935733e+00
2.624473414073068334e+00
3.996905475630419868e+00
2.894212223501851255e+00
1.005395818378196360e+00
1.788389578508614797e+00
9.925648994696084637e-01
4.098432840265379795e+00
1.538618354497364615e+00
-4.779925148871033702e-01
2.199956138279697271e+00
2.527406362431637632e+00
1.029202301257606145e+00
9.822299799157269140e-02
-1.977447032236436530e-01
6.031391897071247676e-03
5.921880076419582251e-01
-5.603847943115067842e-01
-1.551043356193659628e+00
-1.992994928207007410e+00
-3.302246534302822223e+00
-3.739069666967567152e-01
-2.942413266804933869e+00
-8.488215376377571397e-01
-2.317504570553076793e+00
-3.114145854202037267e+00
-3.260854631184888053e+00
-3.577716101229334367e+00
-3.345883719692523073e+00
-3.430792741299082849e+00
-2.639112380972372218e+00
-4.198685391487872565e+00
-4.367255717725638142e+00
-3.884867655228030792e+00
-4.303576609664415464e+00
-4.921943225759580542e+00
-3.250097755539591127e+00
-4.640760710608517137e+00
-4.885047404346949840e+00
-4.173901932874630738e+00
-4.933226080341746034e+00
-5.634656274277865862e+00
-5.530219216489309808e+00
-6.531984996076148242e+00
-6.119083090988257645e+00
-6.732405011327956323e+00
-5.893642957631707091e+00
-5.527502392183273550e+00
-7.776372735920465296e+00
-7.603325125985954003e+00
-6.361998724578823428e+00
-6.441240775774188521e+00
-6.553814842466588964e+00
-8.832733095657824052e+00
-8.264845542888400232e+00
-7.728286451341947583e+00
-8.770280864704549373e+00
-9.107479219989691899e+00
-8.739365688333460724e+00
-8.018301730310467335e+00
